dom,mth1,mth2,mth3,mth4,mth5,mth6,mth7,mth8,mth9,mth10,mth11,mth12 
1,0.739,0.713,0.983,0.296,0.258,0.330,0.391,0.400,0.491,0.638,0.478,0.258 
2,0.521,0.652,0.958,0.404,0.296,0.383,0.342,0.400,0.508,0.617,0.557,0.248 
3,0.565,0.838,0.965,0.313,0.321,0.391,0.311,0.413,0.500,0.650,0.604,0.517 
4,0.683,0.800,0.983,0.304,0.317,0.454,0.233,0.400,0.533,0.709,0.678,0.543 
5,0.578,0.962,0.900,0.308,0.292,0.352,0.218,0.379,0.539,0.717,0.813,0.729 
6,0.563,0.891,0.879,0.470,0.317,0.338,0.350,0.400,0.642,0.713,0.574,0.717 
7,0.678,0.933,0.965,0.371,0.304,0.309,0.343,0.383,0.654,0.813,0.608,0.384 
8,0.858,0.987,1.118,0.368,0.309,0.283,0.350,0.400,0.563,0.783,0.700,0.290 
9,0.643,0.945,1.000,0.358,0.321,0.287,0.313,0.413,0.554,0.713,0.758,0.395 
10,0.700,0.957,0.987,0.361,0.352,0.296,0.304,0.430,0.538,0.648,0.761,0.333 
11,0.787,1.058,0.939,0.396,0.409,0.335,0.326,0.464,0.500,0.654,0.792,0.329 
12,0.779,1.061,0.917,0.405,0.387,0.304,0.321,0.504,0.496,0.705,0.670,0.475 
13,0.706,1.088,0.913,0.433,0.363,0.300,0.370,0.458,0.513,0.679,0.796,0.417 
14,0.775,0.943,0.954,0.413,0.343,0.279,0.404,0.422,0.229,0.726,0.743,0.430 
15,0.704,0.929,0.948,0.400,0.371,0.268,0.370,0.400,0.571,0.725,0.283,0.321 
16,0.792,1.004,0.667,0.487,0.352,0.271,0.363,0.478,0.267,0.713,0.400,0.483 
17,0.770,0.842,0.396,0.596,0.375,0.291,0.330,0.483,0.675,0.762,0.518,0.606 
18,0.771,0.852,0.346,0.600,0.387,0.258,0.333,0.504,0.675,0.774,0.448,1.084 
19,0.700,0.878,0.239,0.592,0.358,0.309,0.317,0.504,0.589,0.822,0.274,0.829 
20,0.767,0.996,0.208,0.343,0.335,0.317,0.338,0.509,0.513,0.909,0.263,0.965 
21,0.787,1.075,0.226,0.383,0.313,0.304,0.313,0.471,0.486,0.967,0.471,0.839 
22,0.729,0.965,0.264,0.374,0.300,0.291,0.379,0.478,0.539,1.009,0.417,0.770 
23,0.735,1.029,0.283,0.392,0.317,0.296,0.443,0.467,0.588,0.813,0.395,0.496 
24,0.867,1.074,0.367,0.370,0.304,0.325,0.400,0.486,0.739,0.809,0.755,0.658 
25,0.848,1.154,0.379,0.308,0.309,0.383,0.387,0.483,0.713,0.863,0.568,0.729 
26,0.909,0.995,0.266,0.330,0.300,0.333,0.342,0.475,0.748,0.638,0.263,0.587 
27,0.987,0.954,0.220,0.252,0.350,0.387,0.439,0.463,0.721,0.439,0.250,0.892 
28,1.008,1.004,0.280,0.313,0.330,0.350,0.405,0.467,0.674,0.417,0.217,0.971 
29,0.870,0.979,0.274,0.238,0.350,0.365,0.404,0.471,0.604,0.487,0.452,0.929 
30,0.733,,0.272,0.204,0.335,0.404,0.371,0.467,0.600,0.488,0.433,1.165 
31,0.622,,0.296,,0.329,,0.387,0.467,,0.491,,0.642
 
 Quality Flag Definition 
0, Valid observation 
1, The data supplier marked the observation as suspect - but it is still valid 
2, The automated qa routine judged the observation questionable and invalid 
3, The automated qa routine judged the observation invalid  
4, The data supplier flagged the observation invalid  
5, The observation was flagged invalid manually  

Data extracted from mrgd database: 
March 5, 2019 at 22:24:41
  
