dom,mth1,mth2,mth3,mth4,mth5,mth6,mth7,mth8,mth9,mth10,mth11,mth12 
1,1.000,0.570,0.278,0.404,0.571,0.391,0.304,0.271,0.278,0.207,0.433,0.667 
2,1.246,0.408,0.354,0.509,0.361,0.275,0.358,0.313,0.283,0.522,0.539,0.574 
3,1.162,0.635,0.430,0.367,0.308,0.335,0.361,0.291,0.257,0.621,0.792,0.474 
4,1.050,0.708,0.579,0.496,0.300,0.404,0.313,0.357,0.300,0.508,0.948,0.765 
5,0.983,0.409,0.557,0.567,0.342,0.352,0.352,0.378,0.365,0.446,0.908,0.427 
6,1.012,0.257,0.500,0.561,0.383,0.400,0.338,0.404,0.283,0.408,1.061,0.574 
7,0.817,0.313,0.630,0.550,0.300,0.396,0.343,0.357,0.233,0.404,1.188,0.550 
8,0.592,0.317,0.592,0.622,0.339,0.454,0.333,0.326,0.230,0.374,0.930,0.790 
9,0.571,0.317,0.661,0.425,0.374,0.491,0.322,0.322,0.287,0.252,0.933,0.825 
10,0.954,0.658,0.479,0.509,0.396,0.379,0.313,0.270,0.396,0.287,1.048,0.357 
11,0.500,0.713,0.378,0.483,0.346,0.296,0.352,0.283,0.430,0.404,0.488,0.304 
12,0.454,0.521,0.408,0.348,0.535,0.275,0.346,0.200,0.409,0.243,0.639,0.391 
13,1.029,0.570,0.535,0.396,0.600,0.370,0.400,0.204,0.343,0.270,0.612,0.658 
14,1.333,0.375,0.604,0.409,0.526,0.371,0.425,0.222,0.309,0.205,0.678,0.343 
15,1.304,0.370,0.713,0.433,0.439,0.309,0.365,0.216,0.261,0.275,0.767,0.278 
16,1.437,0.438,0.475,0.465,0.343,0.329,0.338,0.200,0.296,0.260,0.674,0.263 
17,1.396,0.739,0.404,0.429,0.346,0.439,0.348,0.204,0.270,0.408,0.829,0.357 
18,1.296,0.614,0.483,0.352,0.217,0.400,0.254,0.252,0.243,0.429,0.896,0.413 
19,1.125,0.452,0.643,0.296,0.127,0.378,0.261,0.235,0.257,0.287,0.765,0.287 
20,1.187,0.579,0.658,0.357,0.200,0.425,0.248,0.239,0.248,0.213,0.665,0.254 
21,1.125,0.909,0.552,0.338,0.392,0.387,0.183,0.270,0.208,0.408,0.496,0.343 
22,0.867,0.917,0.529,0.291,0.278,0.392,0.196,0.252,0.261,0.492,0.478,0.348 
23,1.054,0.648,0.557,0.396,0.250,0.391,0.187,0.265,0.217,0.329,0.717,0.587 
24,1.113,0.754,0.500,0.396,0.174,0.333,0.222,0.248,0.243,0.383,1.082,0.330 
25,0.821,0.648,0.339,0.438,0.200,0.348,0.252,0.274,0.229,0.209,1.025,0.187 
26,0.813,0.354,0.350,0.348,0.157,0.325,0.404,0.283,0.361,0.213,1.309,0.243 
27,1.063,0.387,0.355,0.288,0.178,0.383,0.135,0.252,0.239,0.427,1.088,0.669 
28,0.779,0.267,0.342,0.443,0.304,0.308,0.204,0.257,0.235,0.678,0.635,0.770 
29,0.504,,0.374,0.396,0.333,0.383,0.174,0.274,0.300,0.709,0.313,0.680 
30,0.635,,0.317,0.596,0.322,0.413,0.200,0.213,0.304,0.650,0.374,0.224 
31,0.796,,0.387,,0.404,,0.209,0.230,,0.426,,0.226
 
 Quality Flag Definition 
0, Valid observation 
1, The data supplier marked the observation as suspect - but it is still valid 
2, The automated qa routine judged the observation questionable and invalid 
3, The automated qa routine judged the observation invalid  
4, The data supplier flagged the observation invalid  
5, The observation was flagged invalid manually  

Data extracted from mrgd database: 
March 5, 2019 at 22:24:53
  
