dom,mth1,mth2,mth3,mth4,mth5,mth6,mth7,mth8,mth9,mth10,mth11,mth12 
1,0.600,0.664,0.527,0.313,0.304,0.327,0.239,0.274,0.512,0.220,0.324,0.813 
2,0.596,0.418,0.591,0.304,0.275,0.351,0.242,0.286,0.511,0.238,0.273,0.738 
3,0.600,0.417,0.675,0.329,0.306,0.349,0.250,0.236,0.462,0.258,0.316,0.281 
4,0.617,0.458,0.400,0.400,0.289,0.320,0.267,0.242,0.407,0.0,0.260,0.260 
5,0.513,0.533,0.425,0.391,0.234,0.335,0.204,0.258,0.323,0.468,0.288,0.324 
6,0.569,0.479,0.487,0.373,0.238,0.351,0.203,0.240,0.299,0.422,0.370,0.751 
7,0.546,0.492,0.588,0.309,0.218,0.252,0.200,0.272,0.296,0.375,0.542,0.744 
8,0.528,0.538,0.600,0.371,0.273,0.233,0.227,0.286,0.357,0.215,0.452,0.718 
9,0.559,0.521,0.726,0.426,0.303,0.237,0.175,0.291,0.360,0.300,0.324,1.060 
10,0.397,0.571,0.670,0.404,0.205,0.217,0.229,0.280,0.407,0.432,0.378,0.836 
11,0.252,0.538,0.713,0.413,0.239,0.211,0.201,0.331,0.357,0.352,0.453,0.918 
12,0.413,0.638,0.0,0.417,0.269,0.200,0.220,0.313,0.350,0.318,0.491,0.879 
13,0.433,0.696,0.0,0.400,0.294,0.266,0.227,0.223,0.292,0.538,0.394,0.911 
14,0.345,0.754,0.796,0.446,0.246,0.275,0.240,0.209,0.270,0.348,0.407,0.805 
15,0.405,0.605,0.663,0.487,0.259,0.289,0.272,0.224,0.302,0.647,0.394,1.002 
16,0.425,0.260,0.661,0.496,0.205,0.435,0.286,0.256,0.360,0.628,0.338,0.269 
17,0.444,0.166,0.821,0.417,0.321,0.196,0.213,0.300,0.341,0.539,0.320,0.381 
18,0.296,0.198,0.726,0.358,0.351,0.238,0.197,0.311,0.261,0.487,0.501,0.856 
19,0.265,0.200,0.700,0.317,0.412,0.257,0.266,0.321,0.278,0.219,0.755,0.626 
20,0.258,0.207,0.704,0.305,0.305,0.279,0.270,0.335,0.279,0.416,0.393,0.336 
21,0.254,0.252,0.696,0.248,0.351,0.263,0.290,0.311,0.240,0.511,0.423,0.320 
22,0.267,0.311,0.704,0.204,0.355,0.223,0.306,0.355,0.273,0.398,0.472,0.444 
23,0.321,0.417,0.489,0.230,0.382,0.235,0.291,0.404,0.236,0.465,0.567,0.581 
24,0.400,0.438,0.203,0.214,0.300,0.241,0.229,0.361,0.299,0.555,0.517,0.678 
25,0.467,0.354,0.331,0.249,0.287,0.194,0.208,0.372,0.374,0.615,0.500,0.637 
26,0.353,0.333,0.220,0.205,0.294,0.202,0.220,0.407,0.307,0.660,0.438,0.733 
27,0.473,0.425,0.303,0.175,0.307,0.198,0.250,0.383,0.398,0.770,0.308,0.925 
28,0.650,0.515,0.271,0.257,0.332,0.206,0.234,0.338,0.416,0.673,0.406,0.884 
29,0.687,,0.313,0.335,0.350,0.211,0.213,0.297,0.294,0.418,0.539,1.143 
30,0.914,,0.262,0.332,0.309,0.235,0.231,0.240,0.357,0.229,0.904,1.101 
31,0.779,,0.263,,0.334,,0.217,0.335,,0.323,,0.924
 
 Quality Flag Definition 
0, Valid observation 
1, The data supplier marked the observation as suspect - but it is still valid 
2, The automated qa routine judged the observation questionable and invalid 
3, The automated qa routine judged the observation invalid  
4, The data supplier flagged the observation invalid  
5, The observation was flagged invalid manually  

Data extracted from mrgd database: 
March 5, 2019 at 22:24:35
  
