dom,mth1,mth2,mth3,mth4,mth5,mth6,mth7,mth8,mth9,mth10,mth11,mth12 
1,0.898,0.499,0.159,0.285,0.276,0.330,0.291,0.414,0.314,0.000,0.000,0.000 
2,0.716,0.585,0.205,0.325,0.261,0.504,0.318,0.405,0.305,0.000,0.000,0.000 
3,0.838,0.589,0.237,0.336,0.272,0.384,0.324,0.448,0.293,0.000,0.000,0.000 
4,0.451,0.548,0.274,0.275,0.319,0.307,0.231,0.476,0.317,0.000,0.048,0.000 
5,0.279,0.658,0.401,0.237,0.305,0.292,0.281,0.414,0.302,0.000,0.000,0.000 
6,0.341,0.325,0.481,0.231,0.251,0.289,0.360,0.526,0.322,0.000,0.100,0.000 
7,0.406,0.499,0.447,0.234,0.279,0.296,0.321,0.425,0.383,0.000,0.000,0.083 
8,0.347,0.568,0.372,0.293,0.295,0.303,0.242,0.552,0.268,0.000,0.000,0.167 
9,0.240,0.623,0.430,0.334,0.271,0.267,0.276,0.581,0.276,0.000,0.318,0.000 
10,0.348,0.356,0.559,0.269,0.304,0.285,0.287,0.490,0.303,0.000,0.0,0.208 
11,0.642,0.281,0.513,0.242,0.267,0.350,0.292,0.303,0.283,0.0,0.0,0.056 
12,0.433,0.316,0.373,0.340,0.273,0.352,0.296,0.350,0.270,0.000,0.700,0.000 
13,0.475,0.371,0.352,0.340,0.266,0.373,0.314,0.420,0.263,0.000,0.450,0.125 
14,0.364,0.365,0.346,0.341,0.284,0.331,0.349,0.378,0.331,0.000,1.211,0.000 
15,0.430,0.337,0.358,0.260,0.259,0.347,0.310,0.362,0.271,0.000,1.650,0.000 
16,0.462,0.517,0.330,0.266,0.267,0.323,0.338,0.334,0.282,0.000,0.0,0.000 
17,0.375,0.378,0.369,0.316,0.273,0.331,0.340,0.354,0.312,0.000,1.053,0.091 
18,0.299,0.238,0.439,0.285,0.301,0.267,0.369,0.415,0.334,0.000,1.316,0.000 
19,0.320,0.343,0.512,0.334,0.266,0.236,0.334,0.354,0.405,0.000,0.0,0.000 
20,0.398,0.374,0.420,0.324,0.272,0.207,0.275,0.382,0.447,0.083,0.0,0.000 
21,0.370,0.352,0.405,0.305,0.290,0.266,0.244,0.392,0.475,0.000,0.045,0.000 
22,0.275,0.281,0.377,0.381,0.299,0.378,0.238,0.449,0.347,0.000,0.000,0.000 
23,0.413,0.399,0.294,0.293,0.274,0.463,0.279,0.490,0.348,0.0,0.000,0.000 
24,0.304,0.379,0.251,0.268,0.307,0.284,0.288,0.529,0.465,0.043,0.000,0.000 
25,0.241,0.284,0.0,0.275,0.333,0.241,0.313,0.465,0.488,0.000,0.000,0.000 
26,0.411,0.290,0.0,0.221,0.370,0.232,0.370,0.317,0.519,0.125,0.000,0.000 
27,0.378,0.251,0.281,0.253,0.391,0.229,0.366,0.290,0.449,0.000,0.000,0.000 
28,0.477,0.268,0.311,0.246,0.437,0.227,0.409,0.268,0.333,0.000,0.000,0.000 
29,0.647,,0.352,0.248,0.380,0.346,0.401,0.270,0.284,0.000,0.0,0.083 
30,0.645,,0.486,0.253,0.300,0.359,0.426,0.315,0.294,0.000,0.0,0.000 
31,0.716,,0.363,,0.268,,0.469,0.310,,0.000,,0.000
 
 Quality Flag Definition 
0, Valid observation 
1, The data supplier marked the observation as suspect - but it is still valid 
2, The automated qa routine judged the observation questionable and invalid 
3, The automated qa routine judged the observation invalid  
4, The data supplier flagged the observation invalid  
5, The observation was flagged invalid manually  

Data extracted from mrgd database: 
March 5, 2019 at 22:24:26
  
