dom,mth1,mth2,mth3,mth4,mth5,mth6,mth7,mth8,mth9,mth10,mth11,mth12 
1,0.832,0.348,0.357,0.178,0.391,0.200,0.343,0.233,0.235,0.425,0.258,0.729 
2,1.061,0.490,0.300,0.165,0.309,0.213,0.361,0.252,0.200,0.342,0.242,0.896 
3,0.964,0.530,0.301,0.274,0.295,0.222,0.461,0.196,0.200,0.296,0.275,0.717 
4,1.027,0.680,0.443,0.200,0.295,0.252,0.465,0.209,0.192,0.258,0.257,0.778 
5,0.921,0.335,0.493,0.196,0.211,0.287,0.430,0.238,0.200,0.329,0.363,0.833 
6,0.857,0.222,0.598,0.226,0.177,0.300,0.417,0.291,0.295,0.250,0.421,0.648 
7,0.926,0.270,0.461,0.200,0.152,0.296,0.161,0.239,0.318,0.339,0.505,0.490 
8,0.698,0.287,0.491,0.243,0.277,0.274,0.400,0.230,0.406,0.435,0.270,0.404 
9,0.685,0.330,0.357,0.323,0.314,0.290,0.358,0.200,0.365,0.383,0.212,0.267 
10,0.935,0.412,0.409,0.319,0.300,0.264,0.239,0.226,0.322,0.229,0.461,0.213 
11,0.962,0.515,0.348,0.296,0.209,0.222,0.200,0.163,0.243,0.329,0.732,0.307 
12,0.691,0.557,0.335,0.335,0.161,0.304,0.200,0.143,0.200,0.396,0.783,0.584 
13,0.456,0.592,0.461,0.309,0.178,0.296,0.187,0.154,0.370,0.444,0.598,0.238 
14,0.499,0.475,0.417,0.209,0.200,0.265,0.179,0.189,0.113,0.408,0.632,0.538 
15,0.586,0.579,0.304,0.130,0.204,0.274,0.187,0.333,0.129,0.339,0.217,0.239 
16,0.391,0.465,0.226,0.0,0.200,0.278,0.192,0.365,0.146,0.363,0.235,0.602 
17,0.357,0.343,0.215,0.235,0.200,0.278,0.196,0.379,0.247,0.339,0.508,0.533 
18,0.348,0.326,0.309,0.257,0.204,0.252,0.154,0.317,0.333,0.371,0.577,0.387 
19,0.396,0.352,0.343,0.243,0.209,0.135,0.178,0.258,0.357,0.422,0.547,0.379 
20,0.526,0.357,0.326,0.239,0.217,0.174,0.213,0.278,0.475,0.404,0.606,0.391 
21,0.578,0.291,0.265,0.200,0.236,0.187,0.205,0.283,0.356,0.478,0.633,0.358 
22,0.318,0.210,0.239,0.319,0.289,0.191,0.192,0.283,0.200,0.525,0.705,0.400 
23,0.332,0.196,0.278,0.317,0.300,0.209,0.157,0.200,0.308,0.700,0.736,0.563 
24,0.296,0.313,0.287,0.287,0.300,0.239,0.171,0.226,0.358,0.517,0.291,0.461 
25,0.343,0.400,0.239,0.291,0.209,0.291,0.174,0.233,0.348,0.213,0.508,0.433 
26,0.370,0.383,0.400,0.326,0.200,0.278,0.183,0.222,0.238,0.458,0.414,0.470 
27,0.378,0.202,0.377,0.264,0.204,0.235,0.230,0.213,0.246,0.448,0.300,0.525 
28,0.343,0.223,0.214,0.245,0.252,0.226,0.275,0.204,0.254,0.304,0.636,0.487 
29,0.611,,0.291,0.241,0.257,0.243,0.287,0.192,0.217,0.239,0.801,0.646 
30,0.595,,0.270,0.273,0.226,0.270,0.246,0.191,0.325,0.395,0.607,0.539 
31,0.187,,0.165,,0.200,,0.226,0.225,,0.239,,0.633
 
 Quality Flag Definition 
0, Valid observation 
1, The data supplier marked the observation as suspect - but it is still valid 
2, The automated qa routine judged the observation questionable and invalid 
3, The automated qa routine judged the observation invalid  
4, The data supplier flagged the observation invalid  
5, The observation was flagged invalid manually  

Data extracted from mrgd database: 
March 5, 2019 at 22:24:48
  
