dom,mth1,mth2,mth3,mth4,mth5,mth6,mth7,mth8,mth9,mth10,mth11,mth12 
1,0.020,0.030,0.028,0.034,0.038,0.046,0.050,0.038,0.030,0.036,0.031,0.026 
2,0.017,0.025,0.027,0.037,0.042,0.047,0.037,0.042,0.036,0.032,0.017,0.033 
3,0.017,0.019,0.024,0.033,0.036,0.053,0.041,0.048,0.032,0.026,0.016,0.023 
4,0.019,0.020,0.018,0.035,0.035,0.061,0.031,0.034,0.032,0.026,0.023,0.022 
5,0.028,0.019,0.030,0.033,0.032,0.053,0.031,0.037,0.036,0.030,0.028,0.012 
6,0.033,0.020,0.041,0.038,0.021,0.036,0.034,0.036,0.042,0.028,0.022,0.014 
7,0.022,0.022,0.035,0.038,0.024,0.033,0.031,0.038,0.046,0.038,0.020,0.015 
8,0.014,0.025,0.021,0.034,0.028,0.033,0.026,0.037,0.046,0.049,0.018,0.027 
9,0.025,0.021,0.024,0.027,0.032,0.036,0.023,0.042,0.049,0.053,0.022,0.018 
10,0.020,0.019,0.028,0.030,0.035,0.037,0.032,0.043,0.039,0.042,0.021,0.022 
11,0.017,0.024,0.028,0.030,0.041,0.039,0.035,0.045,0.034,0.041,0.026,0.015 
12,0.018,0.024,0.034,0.032,0.045,0.041,0.039,0.052,0.031,0.036,0.027,0.014 
13,0.031,0.022,0.033,0.037,0.039,0.039,0.046,0.057,0.037,0.029,0.029,0.010 
14,0.023,0.022,0.036,0.041,0.033,0.038,0.063,0.049,0.040,0.023,0.027,0.014 
15,0.022,0.028,0.030,0.035,0.029,0.033,0.051,0.043,0.042,0.031,0.024,0.023 
16,0.026,0.029,0.026,0.038,0.031,0.034,0.039,0.049,0.050,0.032,0.024,0.028 
17,0.024,0.033,0.030,0.041,0.036,0.030,0.031,0.049,0.052,0.033,0.018,0.025 
18,0.030,0.037,0.027,0.049,0.041,0.043,0.028,0.050,0.055,0.026,0.026,0.016 
19,0.028,0.027,0.026,0.046,0.038,0.040,0.033,0.048,0.050,0.022,0.034,0.016 
20,0.016,0.025,0.033,0.046,0.035,0.047,0.040,0.049,0.045,0.031,0.033,0.012 
21,0.014,0.022,0.036,0.034,0.031,0.054,0.039,0.044,0.032,0.032,0.019,0.014 
22,0.024,0.024,0.031,0.038,0.028,0.043,0.045,0.037,0.032,0.026,0.018,0.016 
23,0.036,0.028,0.025,0.038,0.028,0.040,0.050,0.033,0.033,0.035,0.029,0.030 
24,0.024,0.030,0.025,0.036,0.025,0.038,0.048,0.040,0.035,0.032,0.023,0.025 
25,0.017,0.027,0.027,0.039,0.027,0.045,0.048,0.038,0.050,0.023,0.014,0.021 
26,0.016,0.029,0.031,0.035,0.034,0.046,0.056,0.034,0.064,0.025,0.031,0.018 
27,0.012,0.022,0.027,0.037,0.045,0.044,0.058,0.036,0.065,0.020,0.030,0.012 
28,0.014,0.020,0.031,0.030,0.047,0.047,0.048,0.045,0.050,0.023,0.032,0.011 
29,0.020,0.026,0.032,0.035,0.047,0.046,0.046,0.041,0.035,0.021,0.018,0.014 
30,0.032,,0.029,0.036,0.043,0.054,0.038,0.036,0.037,0.028,0.014,0.016 
31,0.032,,0.032,,0.048,,0.040,0.027,,0.028,,0.022
 
 Quality Flag Definition 
0, Valid observation 
1, The data supplier marked the observation as suspect - but it is still valid 
2, The automated qa routine judged the observation questionable and invalid 
3, The automated qa routine judged the observation invalid  
4, The data supplier flagged the observation invalid  
5, The observation was flagged invalid manually  

Data extracted from mrgd database: 
March 5, 2019 at 21:09:58
  
