dom,mth1,mth2,mth3,mth4,mth5,mth6,mth7,mth8,mth9,mth10,mth11,mth12 
1,0.026,0.024,0.039,0.040,0.057,0.054,0.044,0.049,0.046,0.033,0.036,0.021 
2,0.021,0.027,0.031,0.038,0.050,0.041,0.042,0.044,0.045,0.053,0.024,0.016 
3,0.019,0.026,0.026,0.036,0.036,0.043,0.036,0.036,0.037,0.055,0.025,0.033 
4,0.023,0.024,0.030,0.034,0.036,0.051,0.040,0.029,0.038,0.054,0.030,0.030 
5,0.029,0.024,0.025,0.032,0.036,0.050,0.054,0.026,0.056,0.056,0.034,0.024 
6,0.017,0.032,0.033,0.027,0.031,0.053,0.055,0.043,0.060,0.056,0.035,0.027 
7,0.020,0.032,0.024,0.035,0.035,0.047,0.051,0.044,0.059,0.059,0.033,0.013 
8,0.019,0.034,0.028,0.041,0.034,0.042,0.050,0.041,0.052,0.034,0.037,0.011 
9,0.024,0.027,0.026,0.042,0.036,0.047,0.036,0.038,0.049,0.029,0.038,0.009 
10,0.017,0.022,0.035,0.043,0.039,0.042,0.032,0.035,0.061,0.036,0.030,0.017 
11,0.025,0.013,0.039,0.038,0.039,0.033,0.034,0.042,0.058,0.044,0.033,0.037 
12,0.024,0.021,0.039,0.037,0.043,0.030,0.039,0.037,0.051,0.038,0.036,0.040 
13,0.023,0.020,0.036,0.039,0.050,0.035,0.040,0.027,0.042,0.049,0.030,0.026 
14,0.022,0.018,0.035,0.040,0.054,0.040,0.048,0.029,0.047,0.041,0.022,0.016 
15,0.022,0.018,0.035,0.042,0.056,0.035,0.043,0.043,0.038,0.034,0.025,0.031 
16,0.024,0.030,0.040,0.038,0.048,0.035,0.032,0.046,0.044,0.032,0.024,0.038 
17,0.027,0.022,0.037,0.037,0.039,0.034,0.028,0.045,0.036,0.037,0.017,0.032 
18,0.028,0.019,0.034,0.037,0.037,0.035,0.032,0.037,0.031,0.041,0.015,0.029 
19,0.029,0.030,0.040,0.040,0.032,0.045,0.036,0.038,0.032,0.041,0.016,0.031 
20,0.025,0.024,0.042,0.042,0.033,0.045,0.027,0.035,0.039,0.034,0.013,0.031 
21,0.024,0.026,0.036,0.047,0.034,0.043,0.027,0.039,0.030,0.033,0.020,0.027 
22,0.029,0.029,0.034,0.043,0.042,0.038,0.031,0.036,0.043,0.029,0.022,0.015 
23,0.030,0.030,0.037,0.038,0.044,0.042,0.031,0.047,0.041,0.031,0.017,0.014 
24,0.029,0.031,0.040,0.036,0.035,0.034,0.037,0.042,0.025,0.034,0.013,0.019 
25,0.030,0.035,0.037,0.036,0.038,0.020,0.051,0.042,0.032,0.036,0.016,0.030 
26,0.028,0.032,0.037,0.035,0.039,0.028,0.053,0.049,0.030,0.031,0.016,0.029 
27,0.024,0.033,0.034,0.040,0.046,0.024,0.041,0.059,0.037,0.022,0.019,0.024 
28,0.023,0.037,0.031,0.039,0.043,0.034,0.040,0.056,0.030,0.027,0.027,0.023 
29,0.014,,0.028,0.043,0.039,0.043,0.045,0.044,0.029,0.027,0.032,0.011 
30,0.023,,0.036,0.051,0.040,0.051,0.044,0.042,0.034,0.037,0.023,0.027 
31,0.027,,0.037,,0.051,,0.047,0.042,,0.031,,0.030
 
 Quality Flag Definition 
0, Valid observation 
1, The data supplier marked the observation as suspect - but it is still valid 
2, The automated qa routine judged the observation questionable and invalid 
3, The automated qa routine judged the observation invalid  
4, The data supplier flagged the observation invalid  
5, The observation was flagged invalid manually  

Data extracted from mrgd database: 
March 5, 2019 at 21:11:01
  
