dom,mth1,mth2,mth3,mth4,mth5,mth6,mth7,mth8,mth9,mth10,mth11,mth12 
1,0.026,0.014,0.027,0.038,0.036,0.029,0.041,0.053,0.060,0.034,0.033,0.017 
2,0.034,0.031,0.033,0.034,0.028,0.035,0.039,0.055,0.063,0.033,0.029,0.018 
3,0.033,0.034,0.030,0.039,0.037,0.038,0.047,0.048,0.063,0.033,0.031,0.029 
4,0.030,0.032,0.035,0.034,0.031,0.040,0.049,0.046,0.043,0.036,0.028,0.030 
5,0.025,0.025,0.042,0.041,0.027,0.044,0.034,0.038,0.036,0.037,0.029,0.026 
6,0.019,0.032,0.037,0.039,0.038,0.046,0.042,0.033,0.039,0.046,0.023,0.023 
7,0.025,0.028,0.030,0.041,0.035,0.032,0.041,0.038,0.030,0.050,0.024,0.020 
8,0.023,0.013,0.028,0.040,0.038,0.034,0.048,0.039,0.037,0.038,0.027,0.024 
9,0.035,0.018,0.024,0.034,0.046,0.027,0.046,0.035,0.039,0.040,0.023,0.019 
10,0.039,0.035,0.021,0.036,0.041,0.032,0.041,0.038,0.045,0.042,0.026,0.017 
11,0.037,0.031,0.025,0.034,0.035,0.031,0.037,0.043,0.046,0.035,0.020,0.011 
12,0.026,0.026,0.018,0.033,0.037,0.031,0.040,0.041,0.040,0.034,0.025,0.017 
13,0.021,0.022,0.016,0.041,0.035,0.031,0.039,0.031,0.031,0.035,0.024,0.015 
14,0.014,0.022,0.042,0.034,0.033,0.036,0.044,0.022,0.033,0.040,0.025,0.018 
15,0.018,0.020,0.033,0.031,0.032,0.034,0.047,0.030,0.035,0.045,0.016,0.006 
16,0.015,0.034,0.023,0.030,0.033,0.025,0.042,0.037,0.042,0.044,0.030,0.030 
17,0.010,0.034,0.029,0.026,0.033,0.025,0.045,0.041,0.040,0.044,0.029,0.032 
18,0.025,0.035,0.032,0.035,0.032,0.035,0.042,0.044,0.029,0.048,0.015,0.023 
19,0.037,0.038,0.029,0.041,0.045,0.042,0.046,0.039,0.032,0.027,0.017,0.022 
20,0.040,0.036,0.032,0.040,0.044,0.050,0.037,0.038,0.027,0.026,0.018,0.029 
21,0.036,0.039,0.032,0.033,0.045,0.044,0.039,0.033,0.032,0.025,0.012,0.028 
22,0.041,0.033,0.038,0.035,0.050,0.049,0.043,0.045,0.032,0.023,0.004,0.020 
23,0.036,0.031,0.032,0.035,0.052,0.049,0.049,0.044,0.031,0.031,0.003,0.016 
24,0.030,0.030,0.035,0.036,0.039,0.041,0.044,0.033,0.034,0.044,0.011,0.012 
25,0.023,0.036,0.035,0.038,0.039,0.031,0.045,0.045,0.035,0.040,0.015,0.014 
26,0.023,0.033,0.038,0.025,0.039,0.030,0.045,0.046,0.038,0.046,0.023,0.018 
27,0.028,0.038,0.033,0.036,0.038,0.031,0.047,0.042,0.045,0.044,0.034,0.016 
28,0.025,0.034,0.037,0.043,0.039,0.035,0.043,0.049,0.051,0.051,0.021,0.014 
29,0.023,,0.034,0.044,0.035,0.039,0.039,0.043,0.040,0.037,0.014,0.015 
30,0.018,,0.040,0.038,0.032,0.037,0.044,0.039,0.035,0.030,0.014,0.016 
31,0.016,,0.039,,0.030,,0.046,0.050,,0.030,,0.013
 
 Quality Flag Definition 
0, Valid observation 
1, The data supplier marked the observation as suspect - but it is still valid 
2, The automated qa routine judged the observation questionable and invalid 
3, The automated qa routine judged the observation invalid  
4, The data supplier flagged the observation invalid  
5, The observation was flagged invalid manually  

Data extracted from mrgd database: 
March 5, 2019 at 21:09:37
  
