dom,mth1,mth2,mth3,mth4,mth5,mth6,mth7,mth8,mth9,mth10,mth11,mth12 
1,0.016,0.023,0.036,0.037,0.034,0.038,0.040,0.046,0.036,0.035,0.037,0.028 
2,0.014,0.026,0.036,0.037,0.037,0.051,0.040,0.044,0.047,0.033,0.044,0.025 
3,0.009,0.029,0.036,0.036,0.034,0.046,0.039,0.047,0.046,0.020,0.034,0.023 
4,0.022,0.029,0.035,0.040,0.039,0.038,0.034,0.045,0.045,0.027,0.044,0.010 
5,0.017,0.025,0.030,0.033,0.035,0.042,0.041,0.041,0.042,0.023,0.034,0.024 
6,0.027,0.025,0.032,0.027,0.038,0.035,0.036,0.043,0.040,0.026,0.032,0.015 
7,0.004,0.027,0.033,0.033,0.037,0.038,0.042,0.038,0.045,0.035,0.042,0.012 
8,0.013,0.027,0.031,0.035,0.036,0.042,0.037,0.048,0.039,0.039,0.036,0.018 
9,0.026,0.025,0.028,0.026,0.032,0.033,0.042,0.062,0.040,0.039,0.036,0.017 
10,0.023,0.028,0.019,0.032,0.038,0.035,0.042,0.058,0.044,0.029,0.034,0.015 
11,0.015,0.028,0.028,0.040,0.038,0.035,0.043,0.038,0.041,0.032,0.039,0.018 
12,0.014,0.028,0.030,0.041,0.041,0.043,0.046,0.038,0.034,0.029,0.041,0.023 
13,0.013,0.029,0.030,0.033,0.038,0.044,0.040,0.044,0.031,0.037,0.028,0.021 
14,0.012,0.034,0.037,0.038,0.034,0.041,0.037,0.035,0.035,0.037,0.022,0.020 
15,0.006,0.031,0.032,0.043,0.035,0.036,0.031,0.038,0.031,0.039,0.027,0.025 
16,0.011,0.032,0.036,0.038,0.032,0.033,0.042,0.047,0.034,0.040,0.029,0.030 
17,0.012,0.037,0.034,0.034,0.032,0.036,0.049,0.050,0.034,0.050,0.039,0.031 
18,0.020,0.033,0.032,0.028,0.031,0.037,0.050,0.052,0.038,0.048,0.041,0.022 
19,0.031,0.031,0.030,0.031,0.033,0.040,0.045,0.049,0.042,0.049,0.030,0.018 
20,0.020,0.030,0.027,0.031,0.036,0.032,0.042,0.048,0.049,0.055,0.038,0.018 
21,0.023,0.033,0.027,0.038,0.034,0.044,0.038,0.036,0.060,0.044,0.029,0.017 
22,0.027,0.032,0.035,0.038,0.035,0.048,0.033,0.046,0.054,0.036,0.029,0.013 
23,0.018,0.026,0.040,0.042,0.035,0.044,0.039,0.045,0.039,0.035,0.031,0.009 
24,0.022,0.032,0.040,0.045,0.034,0.039,0.044,0.048,0.043,0.037,0.021,0.017 
25,0.034,0.035,0.034,0.043,0.029,0.037,0.042,0.049,0.046,0.037,0.014,0.025 
26,0.019,0.034,0.032,0.040,0.029,0.044,0.043,0.039,0.049,0.043,0.009,0.022 
27,0.020,0.034,0.036,0.040,0.029,0.038,0.040,0.034,0.051,0.041,0.016,0.027 
28,0.021,0.034,0.037,0.042,0.036,0.039,0.045,0.027,0.041,0.022,0.029,0.031 
29,0.009,,0.033,0.039,0.038,0.039,0.030,0.034,0.034,0.029,0.033,0.026 
30,0.008,,0.042,0.032,0.037,0.039,0.044,0.042,0.032,0.031,0.024,0.024 
31,0.016,,0.039,,0.037,,0.047,0.036,,0.033,,0.034
 
 Quality Flag Definition 
0, Valid observation 
1, The data supplier marked the observation as suspect - but it is still valid 
2, The automated qa routine judged the observation questionable and invalid 
3, The automated qa routine judged the observation invalid  
4, The data supplier flagged the observation invalid  
5, The observation was flagged invalid manually  

Data extracted from mrgd database: 
March 5, 2019 at 21:08:53
  
