dom,mth1,mth2,mth3,mth4,mth5,mth6,mth7,mth8,mth9,mth10,mth11,mth12 
1,0.023,0.030,0.026,0.037,0.049,0.034,0.051,0.036,0.044,0.016,0.025,0.017 
2,0.020,0.018,0.030,0.038,0.053,0.032,0.038,0.034,0.032,0.025,0.032,0.015 
3,0.020,0.016,0.029,0.039,0.047,0.034,0.041,0.030,0.035,0.039,0.019,0.022 
4,0.019,0.019,0.030,0.047,0.042,0.036,0.038,0.029,0.031,0.039,0.026,0.025 
5,0.015,0.015,0.032,0.043,0.041,0.046,0.031,0.037,0.034,0.042,0.025,0.015 
6,0.013,0.024,0.030,0.041,0.042,0.039,0.033,0.047,0.043,0.041,0.019,0.027 
7,0.012,0.026,0.041,0.040,0.047,0.048,0.027,0.035,0.054,0.044,0.026,0.012 
8,0.013,0.027,0.038,0.041,0.044,0.058,0.025,0.035,0.059,0.049,0.028,0.011 
9,0.004,0.033,0.033,0.032,0.042,0.044,0.029,0.032,0.048,0.045,0.030,0.018 
10,0.011,0.018,0.036,0.039,0.043,0.030,0.030,0.028,0.039,0.035,0.028,0.030 
11,0.018,0.020,0.030,0.035,0.038,0.041,0.028,0.024,0.039,0.036,0.020,0.027 
12,0.016,0.016,0.023,0.036,0.044,0.050,0.028,0.027,0.032,0.043,0.017,0.017 
13,0.012,0.025,0.036,0.042,0.042,0.043,0.032,0.028,0.046,0.045,0.021,0.029 
14,0.018,0.024,0.034,0.047,0.043,0.040,0.029,0.032,0.030,0.049,0.025,0.024 
15,0.008,0.027,0.041,0.042,0.040,0.039,0.042,0.047,0.033,0.042,0.029,0.025 
16,0.007,0.027,0.026,0.052,0.041,0.050,0.042,0.054,0.034,0.037,0.030,0.021 
17,0.013,0.028,0.032,0.052,0.039,0.053,0.043,0.063,0.034,0.034,0.020,0.020 
18,0.008,0.022,0.030,0.051,0.038,0.042,0.041,0.050,0.036,0.031,0.017,0.026 
19,0.007,0.018,0.037,0.046,0.040,0.043,0.037,0.041,0.051,0.027,0.019,0.022 
20,0.010,0.024,0.037,0.040,0.036,0.048,0.034,0.040,0.055,0.024,0.017,0.023 
21,0.010,0.020,0.038,0.037,0.038,0.040,0.025,0.034,0.054,0.035,0.020,0.027 
22,0.009,0.029,0.036,0.036,0.037,0.042,0.029,0.038,0.037,0.038,0.021,0.030 
23,0.010,0.035,0.039,0.040,0.040,0.043,0.030,0.034,0.038,0.042,0.022,0.026 
24,0.015,0.031,0.035,0.038,0.038,0.044,0.031,0.037,0.042,0.036,0.028,0.027 
25,0.012,0.033,0.026,0.036,0.036,0.058,0.030,0.036,0.042,0.032,0.023,0.025 
26,0.010,0.032,0.033,0.034,0.038,0.059,0.027,0.036,0.035,0.037,0.019,0.025 
27,0.011,0.030,0.039,0.042,0.036,0.041,0.038,0.035,0.033,0.027,0.025,0.014 
28,0.016,0.031,0.034,0.034,0.039,0.031,0.041,0.027,0.037,0.030,0.023,0.021 
29,0.020,,0.040,0.038,0.042,0.039,0.050,0.021,0.037,0.028,0.025,0.016 
30,0.019,,0.039,0.044,0.043,0.049,0.044,0.030,0.021,0.029,0.018,0.018 
31,0.027,,0.041,,0.038,,0.035,0.035,,0.037,,0.018
 
 Quality Flag Definition 
0, Valid observation 
1, The data supplier marked the observation as suspect - but it is still valid 
2, The automated qa routine judged the observation questionable and invalid 
3, The automated qa routine judged the observation invalid  
4, The data supplier flagged the observation invalid  
5, The observation was flagged invalid manually  

Data extracted from mrgd database: 
March 5, 2019 at 21:10:19
  
